-0.03403662701019198,0.01219074237497514,-0.0013529216695046353,-0.0003764890777326389,-0.00008385937269318725,-0.054133519623355546,0,0,0.01219074237497514,0.4069608068639863,0.0033726421557777457,0.0009129522407859028,0.00018633663392220298,-0.007773533425860604,0,0,-0.0013529216695046353,0.0033726421557777457,0.004979757825267762,0.00005726218849395518,0.000013766495859161723,0.004360038383899475,0,0,-0.0003764890777326389,0.0009129522407859028,0.00005726218849395518,0.0013867003100301281,3.963446435842432e-6,0.0012539546263868311,0,0,-0.00008385937269318725,0.00018633663392220298,0.000013766495859161723,3.963446435842432e-6,0.0003324382138370877,0.00030648312241275856,0,0,-0.054133519623355546,-0.007773533425860604,0.004360038383899475,0.0012539546263868311,0.00030648312241275856,0.24092715131881648,0,0,0,0,0,0,0,0,-1.6892965173260748,0,0,0,0,0,0,0,0,-0.25796240467655157
0.013002385751218709,0.016040921676785235,0.0003302434095524381,0.00009760611738200623,0.00002547773984199025,0.010497283759656544,0,0,0.016040921676785235,0.09065711459501805,0.002071499486329781,0.0005798875630389741,0.00013134509221303473,0.03825475929985705,0,0,0.0003302434095524381,0.002071499486329781,0.0013028261872861857,0.000018867641642724397,4.542028601400583e-6,0.0016916276249527371,0,0,0.00009760611738200623,0.0005798875630389741,0.000018867641642724397,0.0003600222466748696,1.306460051818096e-6,0.0004859878992301335,0,0,0.00002547773984199025,0.00013134509221303473,4.542028601400583e-6,1.306460051818096e-6,0.00008609898005765496,0.00011837612143910487,0,0,0.010497283759656544,0.03825475929985705,0.0016916276249527371,0.0004859878992301335,0.00011837612143910487,0.15915076133295197,0,0,0,0,0,0,0,0,-0.43716987983415784,0,0,0,0,0,0,0,0,-0.06675760726286424
-0.07663493924850191,0.13908619958713414,0.0012497559272667126,0.000349612388433974,0.0000790726196933148,0.02286192778885494,0,0,0.13908619958713414,-0.30050981759372253,-0.002592266814552321,-0.0007020505468856458,-0.00014352208846418797,-0.06803154156551307,0,0,0.0012497559272667126,-0.002592266814552321,-0.0037838653638601967,-0.00004016730623028065,-9.6515016584727e-6,-0.0029269771212064757,0,0,0.000349612388433974,-0.0007020505468856458,-0.00004016730623028065,-0.0010560681811333384,-2.7797621982148477e-6,-0.0008421748910094359,0,0,0.0000790726196933148,-0.00014352208846418797,-9.6515016584727e-6,-2.7797621982148477e-6,-0.0002533556290796674,-0.0002061244040823928,0,0,0.02286192778885494,-0.06803154156551307,-0.0029269771212064757,-0.0008421748910094359,-0.0002061244040823928,-0.10391427471930247,0,0,0,0,0,0,0,0,1.28773246670291,0,0,0,0,0,0,0,0,0.19664195141807067
