-0.02203052696031881,0.05639249190427071,-0.00010709628964955058,-0.000020245569665648197,-3.057173414818132e-6,-0.03537100969451368,0,0,0.05639249190427071,0.07672456958905483,-0.0007003122377180823,-0.0001391902606685535,-0.00002548073404076601,-0.16660438988643222,0,0,-0.00010709628964955058,-0.0007003122377180823,0.001083369273445489,1.6656193819014208e-6,2.935275687030525e-7,0.0007318366622889631,0,0,-0.000020245569665648197,-0.0001391902606685535,1.6656193819014208e-6,0.0002102919413654824,5.803241188974975e-8,0.00014444471732336282,0,0,-3.057173414818132e-6,-0.00002548073404076601,2.935275687030525e-7,5.803241188974975e-8,0.00003599168919320556,0.000025767501232380226,0,0,-0.03537100969451368,-0.16660438988643222,0.0007318366622889631,0.00014444471732336282,0.000025767501232380226,0.27012606779770815,0,0,0,0,0,0,0,0,-1.6074639424539128,0,0,0,0,0,0,0,0,-0.09292856257014864
0.009122502435827998,0.011743007966979033,0.0000821095777433997,0.000016203222651243644,2.8776942094879935e-6,0.010600402986217138,0,0,0.011743007966979033,-0.0483536878336231,0.000011839933661685886,1.7251552356693648e-6,-1.0294700971710059e-7,-0.013093583528687433,0,0,0.0000821095777433997,0.000011839933661685886,0.0002658871002297864,5.26633970107494e-7,9.223024284336339e-8,0.00029874539714772107,0,0,0.000016203222651243644,1.7251552356693648e-6,5.26633970107494e-7,0.0000515162925083839,1.8186136764131115e-8,0.00005871983943811009,0,0,2.8776942094879935e-6,-1.0294700971710059e-7,9.223024284336339e-8,1.8186136764131115e-8,8.81377859294956e-6,0.000010311100745088482,0,0,0.010600402986217138,-0.013093583528687433,0.00029874539714772107,0.00005871983943811009,0.000010311100745088482,0.20696884441406693,0,0,0,0,0,0,0,0,-0.3936113119819003,0,0,0,0,0,0,0,0,-0.022754932454652575
-0.03939054346022753,0.07006701471944016,0.00012293553043921562,0.000023507668323453942,3.719210250340102e-6,0.00788556778585609,0,0,0.07006701471944016,-0.037341875177587386,0.00045207811116074295,0.0000901035942529401,0.000016662078975450407,0.010901120497070552,0,0,0.00012293553043921562,0.00045207811116074295,-0.0008121105375874237,-1.136473728690751e-6,-2.0082655967053266e-7,-0.00046099548188208633,0,0,0.000023507668323453942,0.0000901035942529401,-1.136473728690751e-6,-0.0001577283400688263,-3.9750840470821985e-8,-0.00009116790532968903,0,0,3.719210250340102e-6,0.000016662078975450407,-2.0082655967053266e-7,-3.9750840470821985e-8,-0.00002699850216885415,-0.000016384113050547372,0,0,0.00788556778585609,0.010901120497070552,-0.00046099548188208633,-0.00009116790532968903,-0.000016384113050547372,-0.0725881899830779,0,0,0,0,0,0,0,0,1.2058383915471573,0,0,0,0,0,0,0,0,0.0697103216183589
