-0.03621641492350919,0.043724341954084284,-0.00035282061846943663,-0.00006798415787824938,-0.000011043209572765526,-0.05413351962335548,0,0,0.043724341954084284,0.14878870513762796,-6.447077024575028e-6,-4.597513356727235e-6,-2.9706992152463875e-6,-0.07066475107745288,0,0,-0.00035282061846943663,-6.447077024575028e-6,0.0012298200906192163,2.6913645935567666e-6,4.639646782485387e-7,0.001114345101396365,0,0,-0.00006798415787824938,-4.597513356727235e-6,2.6913645935567666e-6,0.0002384836734814001,9.098385677213145e-8,0.00021840892074819496,0,0,-0.000011043209572765526,-2.9706992152463875e-6,4.639646782485387e-7,9.098385677213145e-8,0.00004103857667667952,0.000037930740965601055,0,0,-0.05413351962335548,-0.07066475107745288,0.001114345101396365,0.00021840892074819496,0.000037930740965601055,0.22642626564186813,0,0,0,0,0,0,0,0,-1.2737621914824722,0,0,0,0,0,0,0,0,-0.24243620383663544
0.013835089981761441,0.014330103076635726,0.00009287042245781447,0.000018445302665831177,3.355093312525437e-6,0.010497283759656539,0,0,0.014330103076635726,-0.0051682876720068405,0.0002511577522367789,0.000048282139661757185,7.75998057578634e-6,0.011874720407973187,0,0,0.00009287042245781447,0.0002511577522367789,0.0003192355469716065,8.868289391963572e-7,1.5288167315180383e-7,0.00043168861436086557,0,0,0.000018445302665831177,0.000048282139661757185,8.868289391963572e-7,0.00006175398698719329,2.996627036255853e-8,0.00008456377927800673,0,0,3.355093312525437e-6,7.75998057578634e-6,1.5288167315180383e-7,2.996627036255853e-8,0.00001062140325642939,0.000014650379320960281,0,0,0.010497283759656539,0.011874720407973187,0.00043168861436086557,0.00008456377927800673,0.000014650379320960281,0.14957182021794835,0,0,0,0,0,0,0,0,-0.3296345303955876,0,0,0,0,0,0,0,0,-0.06273961084491647
-0.08154282610408453,0.11187917263987769,0.0003280831919364805,0.00006339425026144355,0.000010412855268255565,0.02286192778885518,0,0,0.11187917263987769,-0.1013068660769511,-0.00004536293923277998,-6.333442068225006e-6,5.684866271632869e-7,-0.021047273394300407,0,0,0.0003280831919364805,-0.00004536293923277998,-0.0009366417806238382,-1.8878616724801436e-6,-3.2544774450769044e-7,-0.0007485459560421064,0,0,0.00006339425026144355,-6.333442068225006e-6,-1.8878616724801436e-6,-0.00018176148604246017,-6.383257388581922e-8,-0.00014674566606185,0,0,0.000010412855268255565,5.684866271632869e-7,-3.2544774450769044e-7,-6.383257388581922e-8,-0.00003128231098128686,-0.000025510218365005312,0,0,0.02286192778885518,-0.021047273394300407,-0.0007485459560421064,-0.00014674566606185,-0.000025510218365005312,-0.09765989861574093,0,0,0,0,0,0,0,0,0.9709751437994714,0,0,0,0,0,0,0,0,0.18480649642183564
