-0.026358464261904815,0.04306386403066481,-0.00025624236669422506,-0.00004918989008916164,-7.89137768876266e-6,-0.04809875452478846,0,0,0.04306386403066481,0.13341688886527023,-0.00037788358939801843,-0.00007715440807923879,-0.00001539835708997871,-0.1257839861905035,0,0,-0.00025624236669422506,-0.00037788358939801843,0.0013563455731858676,2.3936240251733924e-6,4.145258801565719e-7,0.001101087647313525,0,0,-0.00004918989008916164,-0.00007715440807923879,2.3936240251733924e-6,0.000263183916218965,8.145551482250679e-8,0.0002161799467568978,0,0,-7.89137768876266e-6,-0.00001539835708997871,4.145258801565719e-7,8.145551482250679e-8,0.0000451295157621741,0.00003777733867115233,0,0,-0.04809875452478846,-0.1257839861905035,0.001101087647313525,0.0002161799467568978,0.00003777733867115233,0.2973276770454145,0,0,0,0,0,0,0,0,-1.5834226459892204,0,0,0,0,0,0,0,0,-0.28473476862621655
0.010636798593672593,0.01268402502847855,0.00009279404139625913,0.000018359451080641825,3.2914797395224826e-6,0.011733626227984364,0,0,0.01268402502847855,-0.017229650424520505,0.00016806364459658857,0.00003202592940474573,4.963726891426301e-6,0.004194101051125369,0,0,0.00009279404139625913,0.00016806364459658857,0.0003393561144757389,7.981498916681669e-7,1.3793103301059522e-7,0.0004452293275828618,0,0,0.000018359451080641825,0.00003202592940474573,7.981498916681669e-7,0.00006568798687361014,2.7067524836329222e-8,0.0000872628209506076,0,0,3.2914797395224826e-6,4.963726891426301e-6,1.3793103301059522e-7,2.7067524836329222e-8,0.000011258280667895324,0.000015148382953656399,0,0,0.011733626227984364,0.004194101051125369,0.0004452293275828618,0.0000872628209506076,0.000015148382953656399,0.19973272377059825,0,0,0,0,0,0,0,0,-0.3949694790901527,0,0,0,0,0,0,0,0,-0.07102433676063359
-0.05143766142454155,0.09183754861134072,0.00025079356045924376,0.000048343715797350125,7.882268824959407e-6,0.018755673741167506,0,0,0.09183754861134072,-0.08621466022378439,0.00022171761069364495,0.00004582383716870777,9.491526208577465e-6,-0.0026269148648415284,0,0,0.00025079356045924376,0.00022171761069364495,-0.0010230660562126556,-1.6226597545032558e-6,-2.812787148609698e-7,-0.0007040264219090299,0,0,0.000048343715797350125,0.00004582383716870777,-1.6226597545032558e-6,-0.00019866178110707977,-5.530538322160148e-8,-0.000138335927935232,0,0,7.882268824959407e-6,9.491526208577465e-6,-2.812787148609698e-7,-5.530538322160148e-8,-0.00003407068876501135,-0.000024249308537143016,0,0,0.018755673741167506,-0.0026269148648415284,-0.0007040264219090299,-0.000138335927935232,-0.000024249308537143016,-0.11404759155679141,0,0,0,0,0,0,0,0,1.1954478762777125,0,0,0,0,0,0,0,0,0.2149682368878749
