-0.02203052696031881,0.0359710426473996,-0.00042805495500777504,-0.00011504744361722409,-0.00002321541061877514,-0.03537100969451368,0,0,0.0359710426473996,0.1560302884205517,-0.0011936564127964155,-0.0003744356253856193,-0.0001125381349508299,-0.13610024301536328,0,0,-0.00042805495500777504,-0.0011936564127964155,0.0040993344585478955,0.00003250903464816146,8.012090392061443e-6,0.0026421897423919605,0,0,-0.00011504744361722409,-0.0003744356253856193,0.00003250903464816146,0.0011484901866107232,2.3454054508340434e-6,0.0007707571347019738,0,0,-0.00002321541061877514,-0.0001125381349508299,8.012090392061443e-6,2.3454054508340434e-6,0.00027383341712907826,0.00019567196248338728,0,0,-0.03537100969451368,-0.13610024301536328,0.0026421897423919605,0.0007707571347019738,0.00019567196248338728,0.27012606779770815,0,0,0,0,0,0,0,0,-2.056367683627675,0,0,0,0,0,0,0,0,-0.09292856257014864
0.009122502435827998,0.01439572431682922,0.00029704484484636425,0.00008662240466904892,0.000021852490403299444,0.010600402986217138,0,0,0.01439572431682922,1.8579455248969543e-6,0.0005471015753146639,0.00014808877315825622,0.000029961549349351792,0.0028209942317019435,0,0,0.00029704484484636425,0.0005471015753146639,0.0010121504280912299,0.000010350616325983387,2.5352733685013716e-6,0.001090425329018506,0,0,0.00008662240466904892,0.00014808877315825622,0.000010350616325983387,0.0002819076030526964,7.381002740078699e-7,0.0003154039119281223,0,0,0.000021852490403299444,0.000029961549349351792,2.5352733685013716e-6,7.381002740078699e-7,0.00006709145204630981,0.00007829992128301563,0,0,0.010600402986217138,0.0028209942317019435,0.001090425329018506,0.0003154039119281223,0.00007829992128301563,0.20696884441406693,0,0,0,0,0,0,0,0,-0.5035320298595606,0,0,0,0,0,0,0,0,-0.022754932454652575
-0.03939054346022753,0.08839543290251133,0.0004791185746178569,0.00013144010160036154,0.00002824275283852011,0.00788556778585609,0,0,0.08839543290251133,-0.10429709701641984,0.0007752506023120711,0.00024655548354362254,0.00007618587514693886,-0.0057654131575614566,0,0,0.0004791185746178569,0.0007752506023120711,-0.0030671542783395713,-0.000022112904295588468,-5.464833549292903e-6,-0.0016556358693932479,0,0,0.00013144010160036154,0.00024655548354362254,-0.000022112904295588468,-0.0008608899204358846,-1.6035992951069786e-6,-0.0004849448503013357,0,0,0.00002824275283852011,0.00007618587514693886,-5.464833549292903e-6,-1.6035992951069786e-6,-0.00020537864590372255,-0.00012441685847759405,0,0,0.00788556778585609,-0.0057654131575614566,-0.0016556358693932479,-0.0004849448503013357,-0.00012441685847759405,-0.0725881899830779,0,0,0,0,0,0,0,0,1.5425833417263375,0,0,0,0,0,0,0,0,0.0697103216183589
