-0.03621641492350919,0.004843777533293656,-0.001352921669504646,-0.0003764890777326423,-0.00008385937269318809,-0.05413351962335548,0,0,0.004843777533293656,0.41461516217276234,0.0033682222719620502,0.0009129157594434887,0.00018737798904003546,-0.0027051049890488977,0,0,-0.001352921669504646,0.0033682222719620502,0.004680036940644274,0.00005381570085477683,0.000012937920160934446,0.004097617076023007,0,0,-0.0003764890777326423,0.0009129157594434887,0.00005381570085477683,0.001303237808797442,3.724895142066462e-6,0.0011784818015857163,0,0,-0.00008385937269318809,0.00018737798904003546,0.000012937920160934446,3.724895142066462e-6,0.0003124294746513532,0.00028803656420753283,0,0,-0.05413351962335548,-0.0027051049890488977,0.004097617076023007,0.0011784818015857163,0.00028803656420753283,0.22642626564186813,0,0,0,0,0,0,0,0,-1.6309858817751843,0,0,0,0,0,0,0,0,-0.24243620383663544
0.013835089981761441,0.015775382992966783,0.0003302434095524356,0.00009760611738200537,0.00002547773984199004,0.010497283759656539,0,0,0.015775382992966783,0.09901406797413737,0.0020301223849773517,0.0005683446096485012,0.00012882462029918215,0.03841566490319242,0,0,0.0003302434095524356,0.0020301223849773517,0.0012244118886263707,0.000017732038980437678,4.268653694795766e-6,0.0015898122062125378,0,0,0.00009760611738200537,0.0005683446096485012,0.000017732038980437678,0.00033835328403776895,1.227827038688552e-6,0.0004567373356114597,0,0,0.00002547773984199004,0.00012882462029918215,4.268653694795766e-6,1.227827038688552e-6,0.0000809168681209816,0.00011125131796854208,0,0,0.010497283759656539,0.03841566490319242,0.0015898122062125378,0.0004567373356114597,0.00011125131796854208,0.14957182021794835,0,0,0,0,0,0,0,0,-0.4220797797390067,0,0,0,0,0,0,0,0,-0.06273961084491647
-0.08154282610408453,0.14521189339245827,0.0012497559272667232,0.0003496123884339772,0.00007907261969331559,0.02286192778885518,0,0,0.14521189339245827,-0.3069596175164337,-0.002560159362191917,-0.0006937844685240356,-0.00014232306093737876,-0.06654761203033886,0,0,0.0012497559272667232,-0.002560159362191917,-0.003556122667539149,-0.00003774972268933085,-9.070598587173804e-6,-0.002750808680325794,0,0,0.0003496123884339772,-0.0006937844685240356,-0.00003774972268933085,-0.0009925057147286659,-2.612454306079117e-6,-0.0007914862004750744,0,0,0.00007907261969331559,-0.00014232306093737876,-9.070598587173804e-6,-2.612454306079117e-6,-0.00023810670012838617,-0.00019371822070925898,0,0,0.02286192778885518,-0.06654761203033886,-0.002750808680325794,-0.0007914862004750744,-0.00019371822070925898,-0.09765989861574093,0,0,0,0,0,0,0,0,1.2432828998075651,0,0,0,0,0,0,0,0,0.18480649642183564
