-0.03621641492350919,-0.004230854716472706,-0.0016844746009586828,-0.0004957472285452039,-0.00011579644520972174,-0.05413351962335548,0,0,-0.004230854716472706,0.5006191862773215,0.0051460402352214475,0.001482550092145874,0.0003255001901285406,0.012956258135739269,0,0,-0.0016844746009586828,0.0051460402352214475,0.0058396703583016496,0.0000872553155810502,0.000022055978957805734,0.005060196456445306,0,0,-0.0004957472285452039,0.001482550092145874,0.0000872553155810502,0.0017151896019952722,6.73965674466438e-6,0.0015444348128481032,0,0,-0.00011579644520972174,0.0003255001901285406,0.000022055978957805734,6.73965674466438e-6,0.00043189551002355915,0.0003977326463874606,0,0,-0.05413351962335548,0.012956258135739269,0.005060196456445306,0.0015444348128481032,0.0003977326463874606,0.22642626564186813,0,0,0,0,0,0,0,0,-1.7123324445435137,0,0,0,0,0,0,0,0,-0.24243620383663544
0.013835089981761441,0.016079960135679094,0.00040503062121731583,0.00012744919828236564,0.0000351807032527467,0.010497283759656539,0,0,0.016079960135679094,0.1305072809498176,0.0028276153161248814,0.0008385798349721,0.00020011945001979488,0.044532953031761344,0,0,0.00040503062121731583,0.0028276153161248814,0.0015315169594945313,0.00002874788636272475,7.278859153231775e-6,0.0019638723478117553,0,0,0.00012744919828236564,0.0008385798349721,0.00002874788636272475,0.0004457462283959565,2.221911288051893e-6,0.0005986773164486158,0,0,0.0000351807032527467,0.00020011945001979488,7.278859153231775e-6,2.221911288051893e-6,0.00011189113545609816,0.0001536203614685524,0,0,0.010497283759656539,0.044532953031761344,0.0019638723478117553,0.0005986773164486158,0.0001536203614685524,0.14957182021794835,0,0,0,0,0,0,0,0,-0.4431313042674786,0,0,0,0,0,0,0,0,-0.06273961084491647
-0.08154282610408453,0.15298115793700062,0.0015540541074580605,0.0004600118287633152,0.00010918670125766336,0.02286192778885518,0,0,0.15298115793700062,-0.3722882195907724,-0.0038585879861726437,-0.001110613216089436,-0.0002431531187147792,-0.07703257122241966,0,0,0.0015540541074580605,-0.0038585879861726437,-0.0044340720126956525,-0.00006120840516213934,-0.000015461551417351423,-0.00339658823637333,0,0,0.0004600118287633152,-0.001110613216089436,-0.00006120840516213934,-0.0013058570628438476,-4.726567070255363e-6,-0.0010371885341340075,0,0,0.00010918670125766336,-0.0002431531187147792,-0.000015461551417351423,-4.726567070255363e-6,-0.00032912457914905616,-0.00026749402732303794,0,0,0.02286192778885518,-0.07703257122241966,-0.00339658823637333,-0.0010371885341340075,-0.00026749402732303794,-0.09765989861574093,0,0,0,0,0,0,0,0,1.3052925049047646,0,0,0,0,0,0,0,0,0.18480649642183564
