-0.022491057423138807,0.025849308350447592,-0.0006459413590815342,-0.00018457402493301907,-0.000039870904822477315,-0.037354513488517836,0,0,0.025849308350447592,0.21974725822320587,-0.0006490963906547759,-0.0002528470494204672,-0.00010146181998715048,-0.12024137872626356,0,0,-0.0006459413590815342,-0.0006490963906547759,0.005412741412662555,0.00005646034260314092,0.000014561906812615495,0.003575041080754471,0,0,-0.00018457402493301907,-0.0002528470494204672,0.00005646034260314092,0.0016017060697178518,4.5198175600018555e-6,0.0011057685750211737,0,0,-0.000039870904822477315,-0.00010146181998715048,0.000014561906812615495,4.5198175600018555e-6,0.00040138786357509453,0.0002943815531141469,0,0,-0.037354513488517836,-0.12024137872626356,0.003575041080754471,0.0011057685750211737,0.0002943815531141469,0.2804470680081838,0,0,0,0,0,0,0,0,-2.1971290329229287,0,0,0,0,0,0,0,0,-0.1378366410091379
0.009287134254574402,0.015153810786844914,0.0003774081258826991,0.00011707251531264281,0.000031227934425694506,0.010980944049405689,0,0,0.015153810786844914,0.029537370213050106,0.001030157675015743,0.0002983175534664115,0.00006612793182157609,0.011492132075263034,0,0,0.0003774081258826991,0.001030157675015743,0.0013426219257969274,0.0000182528705623673,4.684252466372788e-6,0.0014789121297233544,0,0,0.00011707251531264281,0.0002983175534664115,0.0000182528705623673,0.00039433653474202823,1.4456846349212448e-6,0.0004536196036366119,0,0,0.000031227934425694506,0.00006612793182157609,4.684252466372788e-6,1.4456846349212448e-6,0.00009857183383824775,0.00011827901432081696,0,0,0.010980944049405689,0.011492132075263034,0.0014789121297233544,0.0004536196036366119,0.00011827901432081696,0.20856165943997418,0,0,0,0,0,0,0,0,-0.5390999833903195,0,0,0,0,0,0,0,0,-0.03382037639352894
-0.040633260894000586,0.09837803481404873,0.0006939190967451884,0.00020188298568217335,0.000045925753653959666,0.00967606312324357,0,0,0.09837803481404873,-0.15370746159470783,0.0004118631457543638,0.0001669663835468928,0.00007039805183721776,-0.013400270857863782,0,0,0.0006939190967451884,0.0004118631457543638,-0.004049782197385034,-0.00003821932534008837,-9.879476748424792e-6,-0.0022376612138622826,0,0,0.00020188298568217335,0.0001669663835468928,-0.00003821932534008837,-0.0012011951507298784,-3.0742638996868636e-6,-0.0006949404591965879,0,0,0.000045925753653959666,0.00007039805183721776,-9.879476748424792e-6,-3.0742638996868636e-6,-0.00030125559925109016,-0.00018685252618693866,0,0,0.00967606312324357,-0.013400270857863782,-0.0022376612138622826,-0.0006949404591965879,-0.00018685252618693866,-0.08237679508595852,0,0,0,0,0,0,0,0,1.6494629723591423,0,0,0,0,0,0,0,0,0.10347887273442073
