-0.05315136557850634,-0.05744693539925661,-0.0024225889560143166,-0.0007347317927451016,-0.00017672259640391137,-0.08093253411641184,0,0,-0.05744693539925661,0.72611421270083,0.00995393370189075,0.002976038819114288,0.0006895220356146967,0.08062452880688326,0,0,-0.0024225889560143166,0.00995393370189075,0.008412658290107483,0.0001581150434340488,0.000040957123513790613,0.009866106660422834,0,0,-0.0007347317927451016,0.002976038819114288,0.0001581150434340488,0.0025247124514859156,0.000012871975776139325,0.00309708647084861,0,0,-0.00017672259640391137,0.0006895220356146967,0.000040957123513790613,0.000012871975776139325,0.0006509615070329136,0.0008176268327601888,0,0,-0.08093253411641184,0.08062452880688326,0.009866106660422834,0.00309708647084861,0.0008176268327601888,0.4492963615588812,0,0,0,0,0,0,0,0,-1.974993546497195,0,0,0,0,0,0,0,0,-0.2874691548313157
0.02017780272600363,0.021967691610012045,0.0006837242051283447,0.0002210435857695268,0.00006242121004260576,0.01907845752279875,0,0,0.021967691610012045,0.2479291956330688,0.005630163896884225,0.001721007604380003,0.00042385279285886527,0.10578175805587786,0,0,0.0006837242051283447,0.005630163896884225,0.002531625877667775,0.00005892908240528919,0.000015295813594119696,0.004121768790419415,0,0,0.0002210435857695268,0.001721007604380003,0.00005892908240528919,0.0007519688637691956,4.803257535922085e-6,0.0012928325774247446,0,0,0.00006242121004260576,0.00042385279285886527,0.000015295813594119696,4.803257535922085e-6,0.0001931688280828764,0.000340413233825406,0,0,0.01907845752279875,0.10578175805587786,0.004121768790419415,0.0012928325774247446,0.000340413233825406,0.29882042624468524,0,0,0,0,0,0,0,0,-0.5852824380783315,0,0,0,0,0,0,0,0,-0.08519047979189374
-0.059709823673741676,0.19504019719035667,0.002250370582727382,0.0006873045923910364,0.00016856453656904235,0.03393411411565718,0,0,0.19504019719035667,-0.5130479049564654,-0.006918458829003169,-0.0020641899898182063,-0.0004753908880648632,-0.1550358332179166,0,0,0.002250370582727382,-0.006918458829003169,-0.006073740541575459,-0.00010479434188575172,-0.00002711953057247136,-0.006431239548972503,0,0,0.0006873045923910364,-0.0020641899898182063,-0.00010479434188575172,-0.001829212546788827,-8.526324083275633e-6,-0.0020194738023685977,0,0,0.00016856453656904235,-0.0004753908880648632,-0.00002711953057247136,-8.526324083275633e-6,-0.0004722271082049901,-0.0005336819515305169,0,0,0.03393411411565718,-0.1550358332179166,-0.006431239548972503,-0.0020194738023685977,-0.0005336819515305169,-0.19831858948653486,0,0,0,0,0,0,0,0,1.4333672634060657,0,0,0,0,0,0,0,0,0.20863302389266963
