-0.026358464261904975,-0.01050614710710003,-0.0016826843762646473,-0.0005298110500661628,-0.00012952186017093126,-0.04809875452478841,0,0,-0.01050614710710003,0.5548208927310666,0.005107615998126031,0.0015350701694914967,0.0003255657454586894,-0.027416886802490575,0,0,-0.0016826843762646473,0.005107615998126031,0.008745676290914826,0.00015124765676065435,0.000041096167881477153,0.006672823395202307,0,0,-0.0005298110500661628,0.0015350701694914967,0.00015124765676065435,0.0027753693011916144,0.000013700242898230063,0.0022195171024429958,0,0,-0.00012952186017093126,0.0003255657454586894,0.000041096167881477153,0.000013700242898230063,0.0007443269877016848,0.0006200427060996645,0,0,-0.04809875452478841,-0.027416886802490575,0.006672823395202307,0.0022195171024429958,0.0006200427060996645,0.2973276770454145,0,0,0,0,0,0,0,0,-2.3601472380244157,0,0,0,0,0,0,0,0,-0.28473476862621655
0.010636798593672555,0.01625925450815091,0.00054656304480542,0.00018557094872406754,0.00005402333982632265,0.011733626227984378,0,0,0.01625925450815091,0.1566090811707047,0.0035771974730565022,0.0011402092429569884,0.0002869793922127674,0.04716686159354866,0,0,0.00054656304480542,0.0035771974730565022,0.002220640502580821,0.00005058904135574141,0.000013745782015066721,0.002716240435759552,0,0,0.00018557094872406754,0.0011402092429569884,0.00005058904135574141,0.000696518142988019,4.5665008174229025e-6,0.0008994699410555915,0,0,0.00005402333982632265,0.0002869793922127674,0.000013745782015066721,4.5665008174229025e-6,0.00018597740499244945,0.00024863171123252234,0,0,0.011733626227984378,0.04716686159354866,0.002716240435759552,0.0008994699410555915,0.00024863171123252234,0.19973272377059823,0,0,0,0,0,0,0,0,-0.5887159234079263,0,0,0,0,0,0,0,0,-0.07102433676063359
-0.05143766142454143,0.13847875061125153,0.0016239286954185716,0.0005162430856202627,0.00012937235560653553,0.01875567374116745,0,0,0.13847875061125153,-0.4070823177374141,-0.0036191395491191147,-0.001081016822315885,-0.00022462099884240348,-0.06313620371218921,0,0,0.0016239286954185716,-0.0036191395491191147,-0.006566900930424743,-0.00010238928102016738,-0.000027820633518630958,-0.004253075956997719,0,0,0.0005162430856202627,-0.001081016822315885,-0.00010238928102016738,-0.0020914606193747506,-9.289192272922381e-6,-0.0014176495057053094,0,0,0.00012937235560653553,-0.00022462099884240348,-0.000027820633518630958,-9.289192272922381e-6,-0.0005616634127939755,-0.0003980059849450803,0,0,0.01875567374116745,-0.06313620371218921,-0.004253075956997719,-0.0014176495057053094,-0.0003980059849450803,-0.11404759155679144,0,0,0,0,0,0,0,0,1.7818571753698438,0,0,0,0,0,0,0,0,0.2149682368878749
1
