-0.02203052696031881,0.02344129290322868,-0.0007385156291473553,-0.0002247687390975337,-0.00005017764998325016,-0.03537100969451368,0,0,0.02344129290322868,0.23838423295134575,-0.0005856349431467191,-0.0002861987521719501,-0.00014123739740849812,-0.11817115425739237,0,0,-0.0007385156291473553,-0.0005856349431467191,0.006948395103817319,0.00010237459156150511,0.000028394405122457397,0.004342115636599379,0,0,-0.0002247687390975337,-0.0002861987521719501,0.00010237459156150511,0.002215092239418678,9.620720423100108e-6,0.0014645173898140474,0,0,-0.00005017764998325016,-0.00014123739740849812,0.000028394405122457397,9.620720423100108e-6,0.0005933696120065903,0.00042292421212169356,0,0,-0.03537100969451368,-0.11817115425739237,0.004342115636599379,0.0014645173898140474,0.00042292421212169356,0.27012606779770815,0,0,0,0,0,0,0,0,-2.320405358519276,0,0,0,0,0,0,0,0,-0.09292856257014864
0.009122502435827998,0.015926763130992203,0.0004886151124926405,0.00016473379506322424,0.00004723184236217256,0.010600402986217138,0,0,0.015926763130992203,0.04047632159501011,0.0014144502581020886,0.00044134126118799396,0.0001039190355548025,0.012286261568434126,0,0,0.0004886151124926405,0.0014144502581020886,0.0017246391867620464,0.00003269136800062496,9.017368682384012e-6,0.0018019595760045012,0,0,0.00016473379506322424,0.00044134126118799396,0.00003269136800062496,0.0005449007530698221,3.0335484444994604e-6,0.0006011230938495649,0,0,0.00004723184236217256,0.0001039190355548025,9.017368682384012e-6,3.0335484444994604e-6,0.0001454788766444394,0.00016923698263935735,0,0,0.010600402986217138,0.012286261568434126,0.0018019595760045012,0.0006011230938495649,0.00016923698263935735,0.20696884441406693,0,0,0,0,0,0,0,0,-0.5681855582417147,0,0,0,0,0,0,0,0,-0.022754932454652575
-0.03939054346022753,0.09960301927733553,0.0008172285651003002,0.00025502541440067565,0.00006104371745846283,0.00788556778585609,0,0,0.09960301927733553,-0.16778291943093054,0.0003908792889474898,0.00019879148740418716,0.00010164303146863787,-0.01547937408806274,0,0,0.0008172285651003002,0.0003908792889474898,-0.005190246141043011,-0.0000695445820350593,-0.000019336152558106894,-0.0027134899615645974,0,0,0.00025502541440067565,0.00019879148740418716,-0.0000695445820350593,-0.0016592698747569965,-6.572258519676784e-6,-0.00092010268882873,0,0,0.00006104371745846283,0.00010164303146863787,-0.000019336152558106894,-6.572258519676784e-6,-0.0004449413583491797,-0.0002689138555083492,0,0,0.00788556778585609,-0.01547937408806274,-0.0027134899615645974,-0.00092010268882873,-0.0002689138555083492,-0.0725881899830779,0,0,0,0,0,0,0,0,1.740651091048974,0,0,0,0,0,0,0,0,0.0697103216183589
