-0.026358464261904815,-0.010506147107099958,-0.001682684376264653,-0.0005298110500661641,-0.0001295218601709316,-0.04809875452478846,0,0,-0.010506147107099958,0.5548208927310663,0.005107615998126026,0.0015350701694914943,0.00032556574545868896,-0.02741688680249064,0,0,-0.001682684376264653,0.005107615998126026,0.008745676290914824,0.00015124765676065438,0.00004109616788147716,0.00667282339520231,0,0,-0.0005298110500661641,0.0015350701694914943,0.00015124765676065438,0.0027753693011916144,0.000013700242898230063,0.0022195171024429953,0,0,-0.0001295218601709316,0.00032556574545868896,0.00004109616788147716,0.000013700242898230063,0.0007443269877016848,0.0006200427060996645,0,0,-0.04809875452478846,-0.02741688680249064,0.00667282339520231,0.0022195171024429953,0.0006200427060996645,0.2973276770454145,0,0,0,0,0,0,0,0,-2.3601472380244157,0,0,0,0,0,0,0,0,-0.28473476862621655
0.010636798593672593,0.01625925450815093,0.0005465630448054185,0.00018557094872406722,0.00005402333982632256,0.011733626227984364,0,0,0.01625925450815093,0.1566090811707046,0.0035771974730565014,0.0011402092429569875,0.00028697939221276723,0.04716686159354863,0,0,0.0005465630448054185,0.0035771974730565014,0.0022206405025808206,0.000050589041355741415,0.000013745782015066721,0.0027162404357595534,0,0,0.00018557094872406722,0.0011402092429569875,0.000050589041355741415,0.0006965181429880189,4.566500817422902e-6,0.0008994699410555914,0,0,0.00005402333982632256,0.00028697939221276723,0.000013745782015066721,4.566500817422902e-6,0.00018597740499244942,0.00024863171123252234,0,0,0.011733626227984364,0.04716686159354863,0.0027162404357595534,0.0008994699410555914,0.00024863171123252234,0.19973272377059825,0,0,0,0,0,0,0,0,-0.5887159234079263,0,0,0,0,0,0,0,0,-0.07102433676063359
-0.05143766142454155,0.13847875061125148,0.0016239286954185758,0.0005162430856202638,0.0001293723556065358,0.018755673741167506,0,0,0.13847875061125148,-0.4070823177374139,-0.00361913954911911,-0.0010810168223158833,-0.00022462099884240318,-0.06313620371218914,0,0,0.0016239286954185758,-0.00361913954911911,-0.006566900930424743,-0.00010238928102016742,-0.00002782063351863096,-0.004253075956997722,0,0,0.0005162430856202638,-0.0010810168223158833,-0.00010238928102016742,-0.0020914606193747506,-9.289192272922381e-6,-0.0014176495057053094,0,0,0.0001293723556065358,-0.00022462099884240318,-0.00002782063351863096,-9.289192272922381e-6,-0.0005616634127939755,-0.00039800598494508024,0,0,0.018755673741167506,-0.06313620371218914,-0.004253075956997722,-0.0014176495057053094,-0.00039800598494508024,-0.11404759155679141,0,0,0,0,0,0,0,0,1.7818571753698438,0,0,0,0,0,0,0,0,0.2149682368878749
