-0.02321980473367475,0.011164533896030211,-0.0010797832047989373,-0.0003466463987878337,-0.00008239764897690064,-0.03735451348848948,0,0,0.011164533896030211,0.3283291909443095,0.0009567721147214158,0.0001841451273336516,-0.000045235923286507906,-0.09531112149696261,0,0,-0.0010797832047989373,0.0009567721147214158,0.008675989133190863,0.00016209334179321727,0.00004661603278287533,0.0055490284769111695,0,0,-0.0003466463987878337,0.0001841451273336516,0.00016209334179321727,0.0028902504001414547,0.000016578316385969923,0.001964622539619508,0,0,-0.00008239764897690064,-0.000045235923286507906,0.00004661603278287533,0.000016578316385969923,0.0008060688406792294,0.0005892785490000279,0,0,-0.03735451348848948,-0.09531112149696261,0.0055490284769111695,0.001964622539619508,0.0005892785490000279,0.2716453123983296,0,0,0,0,0,0,0,0,-2.276105405152232,0,0,0,0,0,0,0,0,-0.6957452618624564
0.009588052703337754,0.016738264760729326,0.0006041259802652808,0.00021468996867655182,0.00006453599160944831,0.010980944049391239,0,0,0.016738264760729326,0.08056773063875337,0.0023239094562309956,0.0007657396330364981,0.00019263957059533618,0.02196446844456875,0,0,0.0006041259802652808,0.0023239094562309956,0.002165780297958616,0.000052530358684123466,0.000015045386456712488,0.0023067231905161824,0,0,0.00021468996867655182,0.0007657396330364981,0.000052530358684123466,0.0007135685190363857,5.31196132938696e-6,0.0008080481920086399,0,0,0.00006453599160944831,0.00019263957059533618,0.000015045386456712488,5.31196132938696e-6,0.00019813340493156665,0.00023676512743004105,0,0,0.010980944049391239,0.02196446844456875,0.0023067231905161824,0.0008080481920086399,0.00023676512743004105,0.20201600799485273,0,0,0,0,0,0,0,0,-0.5584780719409178,0,0,0,0,0,0,0,0,-0.1707119852742434
-0.041949845483111266,0.11142545268036248,0.0011495469166330876,0.00037713307356831055,0.00009491066594620854,0.009676063123231049,0,0,0.11142545268036248,-0.235743454545153,-0.0006276190344790091,-0.0001069739604497574,0.0000428019715751282,-0.024678467642795784,0,0,0.0011495469166330876,-0.0006276190344790091,-0.006478333724173866,-0.00010960374959248817,-0.00003157911726812768,-0.003464884174592375,0,0,0.00037713307356831055,-0.0001069739604497574,-0.00010960374959248817,-0.00216564551776902,-0.000011267326360498087,-0.0012331449183755141,0,0,0.00009491066594620854,0.0000428019715751282,-0.00003157911726812768,-0.000011267326360498087,-0.0006048113176668202,-0.0003740322188792624,0,0,0.009676063123231049,-0.024678467642795784,-0.003464884174592375,-0.0012331449183755141,-0.0003740322188792624,-0.07979142158419285,0,0,0,0,0,0,0,0,1.708753346174707,0,0,0,0,0,0,0,0,0.5223207333024
