-0.037389890333346894,-0.02917460423115335,-0.0027753724454605815,-0.0009234583264467612,-0.0002393062115005768,-0.054133520717340865,0,0,-0.02917460423115335,0.7589026174270609,0.01230814117331776,0.004043955369855498,0.001015555354912423,0.05388577451707248,0,0,-0.0027753724454605815,0.01230814117331776,0.009434930897654572,0.0002526250384564063,0.00007124844073735394,0.007914995141724064,0,0,-0.0009234583264467612,0.004043955369855498,0.0002526250384564063,0.0031042350791286814,0.000024839631607318385,0.002755356843984398,0,0,-0.0002393062115005768,0.001015555354912423,0.00007124844073735394,0.000024839631607318385,0.000868264134921816,0.000796161682451018,0,0,-0.054133520717340865,0.05388577451707248,0.007914995141724064,0.002755356843984398,0.000796161682451018,0.21931993415167336,0,0,0,0,0,0,0,0,-1.7813454682778573,0,0,0,0,0,0,0,0,-0.6227253801482292
0.01428337061749906,0.016855743040189008,0.0006428315195569148,0.00023268486646076328,0.00007270482971527535,0.010497284282198817,0,0,0.016855743040189008,0.22368764856030438,0.005803633817474982,0.001953922236182636,0.0005218250041752463,0.059282472317672294,0,0,0.0006428315195569148,0.005803633817474982,0.002493102838971069,0.00008320754683914004,0.000023528075158990582,0.003074126584815632,0,0,0.00023268486646076328,0.001953922236182636,0.00008320754683914004,0.0008095184164255534,8.192035052338843e-6,0.0010685423419836764,0,0,0.00007270482971527535,0.0005218250041752463,0.000023528075158990582,8.192035052338843e-6,0.00022519992564153327,0.0003075096969694017,0,0,0.010497284282198817,0.059282472317672294,0.003074126584815632,0.0010685423419836764,0.0003075096969694017,0.14487754742377165,0,0,0,0,0,0,0,0,-0.46099105491784,0,0,0,0,0,0,0,0,-0.16115393393970634
-0.08418495264558606,0.17431708384636074,0.002552621672264914,0.0008553756423590491,0.0002256464426945186,0.02286192845886086,0,0,0.17431708384636074,-0.5671492058426302,-0.009046583310703163,-0.002966302019983446,-0.0007409320660497405,-0.10228764565542493,0,0,0.002552621672264914,-0.009046583310703163,-0.007147881834083529,-0.00017723404521667631,-0.00004993339091683189,-0.005311212861169184,0,0,0.0008553756423590491,-0.002966302019983446,-0.00017723404521667631,-0.002361009146977511,-0.000017417643793689392,-0.0018500712933606958,0,0,0.0002256464426945186,-0.0007409320660497405,-0.00004993339091683189,-0.000017417643793689392,-0.0006614352464065889,-0.0005354564126259048,0,0,0.02286192845886086,-0.10228764565542493,-0.005311212861169184,-0.0018500712933606958,-0.0005354564126259048,-0.09459486762726049,0,0,0,0,0,0,0,0,1.357900392518022,0,0,0,0,0,0,0,0,0.4746968250643209
