-0.03621641492350919,-0.03458368222617162,-0.003045023332891469,-0.001035732101752184,-0.000273440801799151,-0.05413351962335548,0,0,-0.03458368222617162,0.8538029529786032,0.014931535405255627,0.0050219441006786264,0.0012903899727095488,0.06481660426021883,0,0,-0.003045023332891469,0.014931535405255627,0.010727129956613957,0.0003193168545480255,0.00009183965041310556,0.008930060453484096,0,0,-0.001035732101752184,0.0050219441006786264,0.0003193168545480255,0.0035997462396144394,0.00003279166648881849,0.0031835936605367036,0,0,-0.000273440801799151,0.0012903899727095488,0.00009183965041310556,0.00003279166648881849,0.0010254711136013128,0.0009392026977418375,0,0,-0.05413351962335548,0.06481660426021883,0.008930060453484096,0.0031835936605367036,0.0009392026977418375,0.22642626564186813,0,0,0,0,0,0,0,0,-1.9795012292329313,0,0,0,0,0,0,0,0,-0.24243620383663544
0.013835089981761441,0.017012527035437555,0.000700065808663746,0.0002599663528438866,0.00008307543196050929,0.010497283759656539,0,0,0.017012527035437555,0.2553837730230296,0.006886075548710449,0.002371876189949803,0.0006463505976795417,0.06479144986924086,0,0,0.000700065808663746,0.006886075548710449,0.0028395533269833435,0.00010516630806270145,0.00003033161938770034,0.0034688847229676486,0,0,0.0002599663528438866,0.002371876189949803,0.00010516630806270145,0.0009395660019516249,0.000010815349922317768,0.001234719455495842,0,0,0.00008307543196050929,0.0006463505976795417,0.00003033161938770034,0.000010815349922317768,0.00026605840032132194,0.00036275789586250414,0,0,0.010497283759656539,0.06479144986924086,0.0034688847229676486,0.001234719455495842,0.00036275789586250414,0.14957182021794835,0,0,0,0,0,0,0,0,-0.5122714133603365,0,0,0,0,0,0,0,0,-0.06273961084491647
-0.08154282610408453,0.17894012198649353,0.0027989537735508573,0.0009590482266446502,0.00025783260516872296,0.02286192778885518,0,0,0.17894012198649353,-0.6382701227483721,-0.010945997334178408,-0.0036734186016696207,-0.0009385608408127468,-0.11175060845542223,0,0,0.0027989537735508573,-0.010945997334178408,-0.008122549697924536,-0.00022402956469216544,-0.00006436116343226374,-0.005991991831292818,0,0,0.0009590482266446502,-0.0036734186016696207,-0.00022402956469216544,-0.002737170425605681,-0.000022992988654163368,-0.0021375352445051708,0,0,0.00025783260516872296,-0.0009385608408127468,-0.00006436116343226374,-0.000022992988654163368,-0.0007811217287952163,-0.0006316582618337125,0,0,0.02286192778885518,-0.11175060845542223,-0.005991991831292818,-0.0021375352445051708,-0.0006316582618337125,-0.09765989861574093,0,0,0,0,0,0,0,0,1.508952380246658,0,0,0,0,0,0,0,0,0.18480649642183564
