-0.022491057423138807,0.00796813902351572,-0.0011880097571410027,-0.0003893956249294563,-0.00009415083652499326,-0.037354513488517836,0,0,0.00796813902351572,0.36923132170463246,0.0015616502068089538,0.0003705079802634826,-0.000013673828223753097,-0.09372964589311099,0,0,-0.0011880097571410027,0.0015616502068089538,0.009844535481693974,0.00020455795883679134,0.00005997959739839777,0.006251039344332598,0,0,-0.0003893956249294563,0.0003705079802634826,0.00020455795883679134,0.00334879332627061,0.000021865257238172754,0.002268151321885189,0,0,-0.00009415083652499326,-0.000013673828223753097,0.00005997959739839777,0.000021865257238172754,0.0009517342987064761,0.0006951502507060871,0,0,-0.037354513488517836,-0.09372964589311099,0.006251039344332598,0.002268151321885189,0.0006951502507060871,0.2804470680081838,0,0,0,0,0,0,0,0,-2.5468404873448254,0,0,0,0,0,0,0,0,-0.1378366410091379
0.009287134254574402,0.017072981331015844,0.0006590487970434295,0.00024006854672111707,0.00007374139519074226,0.010980944049405689,0,0,0.017072981331015844,0.09622150269408478,0.002796010598461538,0.0009428191486634151,0.00024246759836557698,0.0250783798756394,0,0,0.0006590487970434295,0.002796010598461538,0.0024611963718554966,0.00006632187859199899,0.000019371435698173552,0.0026010831164661784,0,0,0.00024006854672111707,0.0009428191486634151,0.00006632187859199899,0.00082737405370499,7.0083666102663795e-6,0.0009333596728637637,0,0,0.00007374139519074226,0.00024246759836557698,0.000019371435698173552,7.0083666102663795e-6,0.00023399710714970383,0.00027930312069011747,0,0,0.010980944049405689,0.0250783798756394,0.0026010831164661784,0.0009333596728637637,0.00027930312069011747,0.20856165943997418,0,0,0,0,0,0,0,0,-0.6249071601401714,0,0,0,0,0,0,0,0,-0.03382037639352894
-0.040633260894000586,0.11426148363745639,0.0012625708362817658,0.0004232139958228858,0.00010844870824510185,0.00967606312324357,0,0,0.11426148363745639,-0.265800970352669,-0.0010190633207304025,-0.00022401914897823502,0.000025886176987527206,-0.028052005885023993,0,0,0.0012625708362817658,-0.0010190633207304025,-0.007347366594409087,-0.00013828909843015293,-0.0000406197434021534,-0.0039013486914584385,0,0,0.0004232139958228858,-0.00022401914897823502,-0.00013828909843015293,-0.0025086634372014434,-0.000014858297378949433,-0.001423313665833365,0,0,0.00010844870824510185,0.000025886176987527206,-0.0000406197434021534,-0.000014858297378949433,-0.0007140516131251863,-0.00044123206447501426,0,0,0.00967606312324357,-0.028052005885023993,-0.0039013486914584385,-0.001423313665833365,-0.00044123206447501426,-0.08237679508595852,0,0,0,0,0,0,0,0,1.9120038092581897,0,0,0,0,0,0,0,0,0.10347887273442073
