-0.026358464261904815,-0.024098857749784364,-0.0022422440391901824,-0.0007552048722990732,-0.0001953983240376753,-0.04809875452478846,0,0,-0.024098857749784364,0.720851449987952,0.009201176237748158,0.0029974461931023605,0.0007057133381304048,-0.0031628773937286206,0,0,-0.0022422440391901824,0.009201176237748158,0.011705415980867152,0.00028162785758770756,0.00008130128996269036,0.008756183911893905,0,0,-0.0007552048722990732,0.0029974461931023605,0.00028162785758770756,0.003959848904494673,0.00002920577609053531,0.0031373982510146175,0,0,-0.0001953983240376753,0.0007057133381304048,0.00008130128996269036,0.00002920577609053531,0.0011258527514986939,0.0009354043050630152,0,0,-0.04809875452478846,-0.0031628773937286206,0.008756183911893905,0.0031373982510146175,0.0009354043050630152,0.2973276770454145,0,0,0,0,0,0,0,0,-2.5499292681982104,0,0,0,0,0,0,0,0,-0.28473476862621655
0.010636798593672593,0.017080142189678772,0.0007130265806450575,0.0002615711656028221,0.00008150029691551872,0.011733626227984364,0,0,0.017080142189678772,0.21884279214893265,0.0055522182832298105,0.0018995206577922944,0.0005094390840548798,0.057800786876882115,0,0,0.0007130265806450575,0.0055522182832298105,0.002987620028076322,0.00009423229892559068,0.000027221823555267824,0.003569026717608699,0,0,0.0002615711656028221,0.0018995206577922944,0.00009423229892559068,0.0009962274152200664,9.740079219175346e-6,0.0012723452502232295,0,0,0.00008150029691551872,0.0005094390840548798,0.000027221823555267824,9.740079219175346e-6,0.00028154369838418266,0.00037508895883165636,0,0,0.011733626227984364,0.057800786876882115,0.003569026717608699,0.0012723452502232295,0.00037508895883165636,0.19973272377059825,0,0,0,0,0,0,0,0,-0.6360552170502668,0,0,0,0,0,0,0,0,-0.07102433676063359
-0.05143766142454155,0.15028179578164694,0.002158355376619897,0.0007347869434291378,0.00019517277955213153,0.018755673741167506,0,0,0.15028179578164694,-0.5296841374457036,-0.006428691998128049,-0.0020798220765981183,-0.00047977457177454576,-0.07802718326021298,0,0,0.002158355376619897,-0.006428691998128049,-0.008775106679666998,-0.0001906209146572119,-0.00005501210333009816,-0.005577421620358015,0,0,0.0007347869434291378,-0.0020798220765981183,-0.0001906209146572119,-0.0029818146327770063,-0.000019797522731507643,-0.0020032471662039418,0,0,0.00019517277955213153,-0.00047977457177454576,-0.00005501210333009816,-0.000019797522731507643,-0.0008493411695147453,-0.0006004368861951123,0,0,0.018755673741167506,-0.07802718326021298,-0.005577421620358015,-0.0020032471662039418,-0.0006004368861951123,-0.11404759155679141,0,0,0,0,0,0,0,0,1.9251382668090782,0,0,0,0,0,0,0,0,0.2149682368878749
