-0.026358464261904975,-0.033815579635369054,-0.002686288989329731,-0.0009427662677521575,-0.0002525240860404047,-0.04809875452478841,0,0,-0.033815579635369054,0.8540472033368032,0.013036858166409261,0.004453284495721983,0.0011082557227018233,0.014014978432730595,0,0,-0.002686288989329731,0.013036858166409261,0.01409137532181912,0.00041583917029906547,0.00012455978457112012,0.010384941239250515,0,0,-0.0009427662677521575,0.004453284495721983,0.00041583917029906547,0.004952978145024684,0.00004685500767281011,0.003895571202528542,0,0,-0.0002525240860404047,0.0011082557227018233,0.00012455978457112012,0.00004685500767281011,0.001458309737197928,0.0012088748374768745,0,0,-0.04809875452478841,0.014014978432730595,0.010384941239250515,0.003895571202528542,0.0012088748374768745,0.2973276770454145,0,0,0,0,0,0,0,0,-2.684052297473217,0,0,0,0,0,0,0,0,-0.28473476862621655
0.010636798593672555,0.017647277634134755,0.0008423572903244528,0.00032418405541874054,0.00010532735166471959,0.011733626227984378,0,0,0.017647277634134755,0.2677547645077336,0.00731311347504856,0.0026128005730470384,0.0007284117878706011,0.06534108323077435,0,0,0.0008423572903244528,0.00731311347504856,0.0036107840606116066,0.00013916710261965178,0.00004173472770922312,0.004236636215871694,0,0,0.00032418405541874054,0.0026128005730470384,0.00013916710261965178,0.001248579503892333,0.00001563163082735168,0.001580539634126931,0,0,0.00010532735166471959,0.0007284117878706011,0.00004173472770922312,0.00001563163082735168,0.0003649481182821071,0.0004847482545170048,0,0,0.011733626227984378,0.06534108323077435,0.004236636215871694,0.001580539634126931,0.0004847482545170048,0.19973272377059823,0,0,0,0,0,0,0,0,-0.6695109107280894,0,0,0,0,0,0,0,0,-0.07102433676063359
-0.05143766142454143,0.15871198054182906,0.0025814429059159054,0.0009164173995184497,0.00025223260239870066,0.01875567374116745,0,0,0.15871198054182906,-0.6274648363415359,-0.009052952813099266,-0.0030701148229988883,-0.0007488361560228274,-0.08856709599589031,0,0,0.0025814429059159054,-0.009052952813099266,-0.01055075579148833,-0.00028143678817613637,-0.00008425630833079567,-0.006612109558841793,0,0,0.0009164173995184497,-0.0030701148229988883,-0.00028143678817613637,-0.003727361024287189,-0.00003175618656310487,-0.002486805010955982,0,0,0.00025223260239870066,-0.0007488361560228274,-0.00008425630833079567,-0.00003175618656310487,-0.0010999016942494916,-0.0007759778731885765,0,0,0.01875567374116745,-0.08856709599589031,-0.006612109558841793,-0.002486805010955982,-0.0007759778731885765,-0.11404759155679144,0,0,0,0,0,0,0,0,2.0263980857922603,0,0,0,0,0,0,0,0,0.2149682368878749
8442,0,0,0,0,0,0,0,0,0.06971032161835931
