-0.02203052696031881,0.008986507207806438,-0.0011960010125701384,-0.000403284356115293,-0.00009782954927418022,-0.03537100969451368,0,0,0.008986507207806438,0.3642515469736427,0.0015695558602365847,0.0003452601426044305,-0.00005495267575435273,-0.09816674020993463,0,0,-0.0011960010125701384,0.0015695558602365847,0.011144740961906005,0.00027925445211884014,0.00008534880241264602,0.006709695560901747,0,0,-0.000403284356115293,0.0003452601426044305,0.00027925445211884014,0.003946479385252367,0.0000327610083744956,0.0025608308557571926,0,0,-0.00009782954927418022,-0.00005495267575435273,0.00008534880241264602,0.0000327610083744956,0.0011620664244753134,0.0008245600394361672,0,0,-0.03537100969451368,-0.09816674020993463,0.006709695560901747,0.0025608308557571926,0.0008245600394361672,0.27012606779770815,0,0,0,0,0,0,0,0,-2.6162454711315304,0,0,0,0,0,0,0,0,-0.09292856257014864
0.009122502435827998,0.017608954868816886,0.0007557098337917001,0.000288287588080757,0.00009208621470361579,0.010600402986217138,0,0,0.017608954868816886,0.09701177584816503,0.0031081104662227343,0.001089918747636761,0.00028797496350958996,0.02294665025578346,0,0,0.0007557098337917001,0.0031081104662227343,0.002785925512487421,0.00008940815234466738,0.000027203679234317276,0.002800045404660573,0,0,0.000288287588080757,0.001089918747636761,0.00008940815234466738,0.0009741156935343991,0.000010349172318025783,0.001054146802412445,0,0,0.00009208621470361579,0.00028797496350958996,0.000027203679234317276,0.000010349172318025783,0.0002852468697691581,0.0003299552238428314,0,0,0.010600402986217138,0.02294665025578346,0.002800045404660573,0.001054146802412445,0.0003299552238428314,0.20696884441406693,0,0,0,0,0,0,0,0,-0.6406263836853132,0,0,0,0,0,0,0,0,-0.022754932454652575
-0.03939054346022753,0.11249945075248007,0.0013094814581105661,0.00045470856632331914,0.00011901472801088326,0.00788556778585609,0,0,0.11249945075248007,-0.26161390870607504,-0.0009833963627277798,-0.0001873873322516846,0.000062692583050835,-0.026244507008137182,0,0,0.0013094814581105661,-0.0009833963627277798,-0.008306029987991606,-0.00018947950827008755,-0.00005802706026193098,-0.004181600383742163,0,0,0.00045470856632331914,-0.0001873873322516846,-0.00018947950827008755,-0.002953066472627781,-0.000022361986547965646,-0.0016066439265062593,0,0,0.00011901472801088326,0.000062692583050835,-0.00005802706026193098,-0.000022361986547965646,-0.0008710599331148181,-0.0005242916176175159,0,0,0.00788556778585609,-0.026244507008137182,-0.004181600383742163,-0.0016066439265062593,-0.0005242916176175159,-0.0725881899830779,0,0,0,0,0,0,0,0,1.9625754254778434,0,0,0,0,0,0,0,0,0.0697103216183589
