-0.026358464261904815,-0.033815579635369235,-0.002686288989329735,-0.000942766267752159,-0.0002525240860404051,-0.04809875452478846,0,0,-0.033815579635369235,0.8540472033368036,0.013036858166409267,0.004453284495721984,0.0011082557227018236,0.01401497843273065,0,0,-0.002686288989329735,0.013036858166409267,0.014091375321819118,0.0004158391702990654,0.0001245597845711201,0.010384941239250515,0,0,-0.000942766267752159,0.004453284495721984,0.0004158391702990654,0.004952978145024684,0.000046855007672810105,0.003895571202528542,0,0,-0.0002525240860404051,0.0011082557227018236,0.0001245597845711201,0.000046855007672810105,0.0014583097371979284,0.0012088748374768745,0,0,-0.04809875452478846,0.01401497843273065,0.010384941239250515,0.003895571202528542,0.0012088748374768745,0.2973276770454145,0,0,0,0,0,0,0,0,-2.684052297473217,0,0,0,0,0,0,0,0,-0.28473476862621655
0.010636798593672593,0.0176472776341347,0.0008423572903244514,0.00032418405541874017,0.00010532735166471944,0.011733626227984364,0,0,0.0176472776341347,0.26775476450773367,0.007313113475048558,0.0026128005730470384,0.000728411787870601,0.06534108323077435,0,0,0.0008423572903244514,0.007313113475048558,0.003610784060611606,0.00013916710261965173,0.0000417347277092231,0.004236636215871693,0,0,0.00032418405541874017,0.0026128005730470384,0.00013916710261965173,0.0012485795038923327,0.000015631630827351676,0.0015805396341269308,0,0,0.00010532735166471944,0.000728411787870601,0.0000417347277092231,0.000015631630827351676,0.0003649481182821071,0.00048474825451700476,0,0,0.011733626227984364,0.06534108323077435,0.004236636215871693,0.0015805396341269308,0.00048474825451700476,0.19973272377059825,0,0,0,0,0,0,0,0,-0.6695109107280893,0,0,0,0,0,0,0,0,-0.07102433676063359
-0.05143766142454155,0.1587119805418292,0.0025814429059159085,0.0009164173995184511,0.00025223260239870104,0.018755673741167506,0,0,0.1587119805418292,-0.6274648363415363,-0.009052952813099271,-0.00307011482299889,-0.0007488361560228276,-0.08856709599589034,0,0,0.0025814429059159085,-0.009052952813099271,-0.01055075579148833,-0.00028143678817613637,-0.00008425630833079566,-0.006612109558841795,0,0,0.0009164173995184511,-0.00307011482299889,-0.00028143678817613637,-0.003727361024287189,-0.00003175618656310487,-0.0024868050109559817,0,0,0.00025223260239870104,-0.0007488361560228276,-0.00008425630833079566,-0.00003175618656310487,-0.0010999016942494918,-0.0007759778731885765,0,0,0.018755673741167506,-0.08856709599589034,-0.006612109558841795,-0.0024868050109559817,-0.0007759778731885765,-0.11404759155679141,0,0,0,0,0,0,0,0,2.0263980857922603,0,0,0,0,0,0,0,0,0.2149682368878749
