-0.03621641492350919,-0.045858000332284064,-0.003642885246208926,-0.0012920362862827387,-0.00035338270632849684,-0.05413351962335548,0,0,-0.045858000332284064,1.010605487136296,0.020312500193039436,0.007141475163827325,0.0019154404537152611,0.08388511060562653,0,0,-0.003642885246208926,0.020312500193039436,0.01294779744010315,0.00047183358155409607,0.00014084940845648553,0.010600181391707873,0,0,-0.0012920362862827387,0.007141475163827325,0.00047183358155409607,0.004508162594823665,0.000052634769841317956,0.003954626186694155,0,0,-0.00035338270632849684,0.0019154404537152611,0.00014084940845648553,0.000052634769841317956,0.0013289408747074157,0.0012137837108992338,0,0,-0.05413351962335548,0.08388511060562653,0.010600181391707873,0.003954626186694155,0.0012137837108992338,0.22642626564186813,0,0,0,0,0,0,0,0,-2.076971459017656,0,0,0,0,0,0,0,0,-0.24243620383663544
0.013835089981761441,0.01732679468824314,0.0008252106428784806,0.00032184222030456265,0.00010736298600081399,0.010497283759656539,0,0,0.01732679468824314,0.30938862472333845,0.009010799560826866,0.003241556966497428,0.000917867645609486,0.07224094756406989,0,0,0.0008252106428784806,0.009010799560826866,0.0034403664791623828,0.00015537285043278152,0.00004652951638695373,0.0041188574531151045,0,0,0.00032184222030456265,0.003241556966497428,0.00015537285043278152,0.0011790069534531873,0.000017362394934322493,0.001534010591219393,0,0,0.00010736298600081399,0.000917867645609486,0.00004652951638695373,0.000017362394934322493,0.00034504759224855377,0.000468812138270729,0,0,0.010497283759656539,0.07224094756406989,0.0041188574531151045,0.001534010591219393,0.000468812138270729,0.14957182021794835,0,0,0,0,0,0,0,0,-0.5374955514588646,0,0,0,0,0,0,0,0,-0.06273961084491647
-0.08154282610408453,0.18857205948272404,0.003344551067400788,0.001195587586905749,0.0003332113685841781,0.02286192778885518,0,0,0.18857205948272404,-0.7556467990683714,-0.01482486919065878,-0.005199220989249633,-0.0013859971282837002,-0.12451560221586624,0,0,0.003344551067400788,-0.01482486919065878,-0.00979286148773147,-0.00033105488364080056,-0.00009869720279668054,-0.007111773635398344,0,0,0.001195587586905749,-0.005199220989249633,-0.00033105488364080056,-0.003425901214505469,-0.00003690459628647995,-0.002655043844778776,0,0,0.0003332113685841781,-0.0013859971282837002,-0.00009869720279668054,-0.00003690459628647995,-0.0010120621856580616,-0.00081632698768017,0,0,0.02286192778885518,-0.12451560221586624,-0.007111773635398344,-0.002655043844778776,-0.00081632698768017,-0.09765989861574093,0,0,0,0,0,0,0,0,1.583252882345281,0,0,0,0,0,0,0,0,0.18480649642183564
