-0.03403662701019187,-0.05388372963874898,-0.004700522234784632,-0.001766397989478376,-0.0005073265765671647,-0.05413351962335522,0,0,-0.05388372963874898,1.2610010587198566,0.03184077753448066,0.01189903834374215,0.0033788424316605037,0.11283299373664075,0,0,-0.004700522234784632,0.03184077753448066,0.0180812838678175,0.0008729914011205064,0.0002743309815582226,0.01438678179355547,0,0,-0.001766397989478376,0.01189903834374215,0.0008729914011205064,0.006614297554283558,0.0001092277928172261,0.005717573757927301,0,0,-0.0005073265765671647,0.0033788424316605037,0.0002743309815582226,0.0001092277928172261,0.0020408399439798956,0.001854140190604025,0,0,-0.05413351962335522,0.11283299373664075,0.01438678179355547,0.005717573757927301,0.001854140190604025,0.24092715131881523,0,0,0,0,0,0,0,0,-2.311929142114535,0,0,0,0,0,0,0,0,-0.25796240467655046
0.013002385751218652,0.01818293351290845,0.0010415868288669349,0.00043516238837273117,0.0001541334512481499,0.010497283759656511,0,0,0.01818293351290845,0.3907697499275625,0.013544003612961417,0.005175262355181903,0.001544849671489022,0.08539697645473664,0,0,0.0010415868288669349,0.013544003612961417,0.004834794281347682,0.0002873961702525565,0.00009065861444203604,0.005592642894952498,0,0,0.00043516238837273117,0.005175262355181903,0.0002873961702525565,0.0017359947651928499,0.00003603771396127464,0.0022184005602497972,0,0,0.0001541334512481499,0.001544849671489022,0.00009065861444203604,0.00003603771396127464,0.0005306308808525638,0.0007161435926395732,0,0,0.010497283759656511,0.08539697645473664,0.005592642894952498,0.0022184005602497972,0.0007161435926395732,0.15915076133295117,0,0,0,0,0,0,0,0,-0.5982998099369238,0,0,0,0,0,0,0,0,-0.0667576072628639
-0.07663493924850204,0.19563169171875894,0.004308122045491188,0.001632984320509635,0.0004783680125533038,0.022861927788854736,0,0,0.19563169171875894,-0.9430245601382228,-0.02320228101658608,-0.00864784366377122,-0.002440453405467503,-0.14875144966467174,0,0,0.004308122045491188,-0.02320228101658608,-0.01364933562119287,-0.0006125868216534931,-0.0001922026987740042,-0.009650521703334676,0,0,0.001632984320509635,-0.00864784366377122,-0.0006125868216534931,-0.005021109343621327,-0.00007657827913164084,-0.0038382671733718354,0,0,0.0004783680125533038,-0.002440453405467503,-0.0001922026987740042,-0.00007657827913164084,-0.0015535718626572136,-0.0012469970250393115,0,0,0.022861927788854736,-0.14875144966467174,-0.009650521703334676,-0.0038382671733718354,-0.0012469970250393115,-0.10391427471930188,0,0,0,0,0,0,0,0,1.7623585832817013,0,0,0,0,0,0,0,0,0.19664195141806992
