-0.03403662701019187,-0.08636366936926124,-0.006961774348559003,-0.0028486125419616365,-0.0008793292558113103,-0.05413351962335522,0,0,-0.08636366936926124,1.8654154199370352,0.061165269092472226,0.025008790158568436,0.007727319687159899,0.17072580742488652,0,0,-0.006961774348559003,0.061165269092472226,0.02783701649311089,0.0020383136214311326,0.0006907432383499504,0.0209134495426958,0,0,-0.0028486125419616365,0.025008790158568436,0.0020383136214311326,0.010908615171487227,0.0003022653561699855,0.009131531681093432,0,0,-0.0008793292558113103,0.007727319687159899,0.0006907432383499504,0.0003022653561699855,0.003582496693644687,0.0032137084656707927,0,0,-0.05413351962335522,0.17072580742488652,0.0209134495426958,0.009131531681093432,0.0032137084656707927,0.24092715131881523,0,0,0,0,0,0,0,0,-2.6056744984958895,0,0,0,0,0,0,0,0,-0.25796240467655046
0.013002385751218652,0.0190196778465514,0.0014877980831138609,0.0006895324897426087,0.0002671534653255469,0.010497283759656511,0,0,0.0190196778465514,0.5932100614850107,0.024483149157504894,0.010225604697682246,0.003301304495721341,0.10803092706598831,0,0,0.0014877980831138609,0.024483149157504894,0.007534042018166197,0.0006706883190331712,0.00022840953410352684,0.008135603402404674,0,0,0.0006895324897426087,0.010225604697682246,0.0006706883190331712,0.0028851288194638764,0.00009975882275681307,0.0035443729753047108,0,0,0.0002671534653255469,0.003301304495721341,0.00022840953410352684,0.00009975882275681307,0.0009345752373052945,0.0012412635991413017,0,0,0.010497283759656511,0.10803092706598831,0.008135603402404674,0.0035443729753047108,0.0012412635991413017,0.15915076133295117,0,0,0,0,0,0,0,0,-0.6743176202111937,0,0,0,0,0,0,0,0,-0.0667576072628639
-0.07663493924850204,0.22335810054419444,0.006362991545788934,0.0026295309573011977,0.000829136512675368,0.022861927788854736,0,0,0.22335810054419444,-1.3927652237837533,-0.04426948025074189,-0.01804200162176921,-0.005536099601448581,-0.1874945890357786,0,0,0.006362991545788934,-0.04426948025074189,-0.020935842557203363,-0.0014305991493857996,-0.00048383174104834275,-0.014024454492879875,0,0,0.0026295309573011977,-0.01804200162176921,-0.0014305991493857996,-0.008262090287739185,-0.0002118871348539846,-0.006129129995962341,0,0,0.000829136512675368,-0.005536099601448581,-0.00048383174104834275,-0.0002118871348539846,-0.002724474452111301,-0.0021613710313509826,0,0,0.022861927788854736,-0.1874945890357786,-0.014024454492879875,-0.006129129995962341,-0.0021613710313509826,-0.10391427471930188,0,0,0,0,0,0,0,0,1.9862774918189838,0,0,0,0,0,0,0,0,0.19664195141806992
