-0.02203052696031881,-0.027114507651478343,-0.0027359902503610567,-0.0010814501387884598,-0.0002985520912908324,-0.03537100969451368,0,0,-0.027114507651478343,0.8184146960354077,0.016310178095703367,0.006131015204380996,0.0014036504503547257,-0.05088935543612833,0,0,-0.0027359902503610567,0.016310178095703367,0.025735031690049346,0.0015298166129209649,0.0005429855144131454,0.014052490519979803,0,0,-0.0010814501387884598,0.006131015204380996,0.0015298166129209649,0.010671232419509605,0.00025544475851928765,0.006556856799435756,0,0,-0.0002985520912908324,0.0014036504503547257,0.0005429855144131454,0.00025544475851928765,0.003613128056263303,0.0025163575422246314,0,0,-0.03537100969451368,-0.05088935543612833,0.014052490519979803,0.006556856799435756,0.0025163575422246314,0.27012606779770815,0,0,0,0,0,0,0,0,-3.3232334291369274,0,0,0,0,0,0,0,0,-0.09292856257014864
0.009122502435827998,0.02147530896077725,0.0015853266145254689,0.000739271486599576,0.0002810248251453118,0.010600402986217138,0,0,0.02147530896077725,0.2825977034688824,0.01133695819680278,0.00477055458252968,0.001496750442745083,0.04854431468860146,0,0,0.0015853266145254689,0.01133695819680278,0.00656515021552513,0.0004919332299052129,0.00017434098184040354,0.005929616636998045,0,0,0.000739271486599576,0.00477055458252968,0.0004919332299052129,0.0026652482634430164,0.00008097371060714943,0.0027135290237152976,0,0,0.0002810248251453118,0.001496750442745083,0.00017434098184040354,0.00008097371060714943,0.0008912258942967727,0.0010069434321375466,0,0,0.010600402986217138,0.04854431468860146,0.005929616636998045,0.0027135290237152976,0.0010069434321375466,0.20696884441406693,0,0,0,0,0,0,0,0,-0.8137428377197945,0,0,0,0,0,0,0,0,-0.022754932454652575
-0.03939054346022753,0.14457675517469049,0.0029391859342591023,0.001206058356682975,0.00036320412600977477,0.00788556778585609,0,0,0.14457675517469049,-0.5896448481934319,-0.010405386733256222,-0.003784575737974642,-0.0007656451110062117,-0.051389288957017776,0,0,0.0029391859342591023,-0.010405386733256222,-0.019054427873742435,-0.0010359781792979455,-0.00036795546626938226,-0.008709676522435048,0,0,0.001206058356682975,-0.003784575737974642,-0.0010359781792979455,-0.007955328695128279,-0.0001740959633992465,-0.004103082634574894,0,0,0.00036320412600977477,-0.0007656451110062117,-0.00036795546626938226,-0.0001740959633992465,-0.002704205283219523,-0.0016000110400925165,0,0,0.00788556778585609,-0.051389288957017776,-0.008709676522435048,-0.004103082634574894,-0.0016000110400925165,-0.0725881899830779,0,0,0,0,0,0,0,0,2.4929221409525386,0,0,0,0,0,0,0,0,0.0697103216183589
