-0.026358464261904815,-0.09160958681962669,-0.005988713895914464,-0.0024917731467650026,-0.0007706423524182276,-0.04809875452478846,0,0,-0.09160958681962669,1.8942225674949964,0.05464580014920378,0.02256098227717152,0.006851252179674144,0.11375244985221036,0,0,-0.005988713895914464,0.05464580014920378,0.033025020060657995,0.002310215622992045,0.0008056881365602863,0.022058962403898222,0,0,-0.0024917731467650026,0.02256098227717152,0.002310215622992045,0.013482747415662539,0.0003682814517218874,0.010043743236664137,0,0,-0.0007706423524182276,0.006851252179674144,0.0008056881365602863,0.0003682814517218874,0.004541964418444176,0.003689193229604718,0,0,-0.04809875452478846,0.11375244985221036,0.022058962403898222,0.010043743236664137,0.003689193229604718,0.2973276770454145,0,0,0,0,0,0,0,0,-3.4592988119115664,0,0,0,0,0,0,0,0,-0.28473476862621655
0.010636798593672593,0.02072023998295791,0.001754571261445195,0.0008286144396557018,0.00032143356831274223,0.011733626227984364,0,0,0.02072023998295791,0.6339543615078383,0.02473351662150694,0.010584109427312645,0.0034646190284178782,0.1092558108417373,0,0,0.001754571261445195,0.02473351662150694,0.008679827278277265,0.0007736050267296841,0.00027087243696234637,0.009038141309482493,0,0,0.0008286144396557018,0.010584109427312645,0.0007736050267296841,0.0034512402092256363,0.00012306988152062316,0.004083757040003748,0,0,0.00032143356831274223,0.0034646190284178782,0.00027087243696234637,0.00012306988152062316,0.0011440024959890871,0.001479334272818007,0,0,0.011733626227984364,0.1092558108417373,0.009038141309482493,0.004083757040003748,0.001479334272818007,0.19973272377059825,0,0,0,0,0,0,0,0,-0.8628886628713764,0,0,0,0,0,0,0,0,-0.07102433676063359
-0.05143766142454155,0.2087439336516321,0.005709843761468453,0.002411807551022645,0.0007697528149374411,0.018755673741167506,0,0,0.2087439336516321,-1.3827575932063723,-0.03737709640246581,-0.015301242592483374,-0.004559123169692582,-0.14966320312598896,0,0,0.005709843761468453,-0.03737709640246581,-0.024527598539955307,-0.0015631188413976875,-0.0005441494724426157,-0.014015897156296466,0,0,0.002411807551022645,-0.015301242592483374,-0.0015631188413976875,-0.010098344763008138,-0.0002494163940841505,-0.0064050783519338786,0,0,0.0007697528149374411,-0.004559123169692582,-0.0005441494724426157,-0.0002494163940841505,-0.003418939015986638,-0.002368096536830372,0,0,0.018755673741167506,-0.14966320312598896,-0.014015897156296466,-0.0064050783519338786,-0.002368096536830372,-0.11404759155679141,0,0,0,0,0,0,0,0,2.611691470110406,0,0,0,0,0,0,0,0,0.2149682368878749
